wavelength_nm
778.4021
778.545715
778.689331
778.832947
778.976624
779.120239
779.263855
779.407471
779.551147
779.694763
779.838379
779.981995
780.12561
780.269287
780.412903
780.556519
780.700134
780.843811
780.987427
781.131042
781.274658
781.418335
781.561951
781.705566
781.849182
781.992859
782.136475
782.28009
782.423706
782.567322
782.710999
782.854614
782.99823
783.141846
783.285522
783.429138
783.572754
783.71637
783.860046
784.003662
784.147278
784.290894
784.434509
784.578186
784.721802
784.865417
785.009033
785.15271
785.296326
785.439941
785.583557
785.727234
785.87085
786.014465
786.158081
786.301697
786.445374
786.588989
786.732605
786.876221
787.019897
787.163513
787.307129
787.450745
787.594421
787.738037
787.881653
788.025269
788.168884
788.312561
788.456177
788.599792
788.743408
788.887085
789.030701
789.174316
789.317932
789.461609
789.605225
789.74884
789.892456
790.036072
790.179749
790.323364
790.46698
790.610596
790.754272
790.897888
791.041504
791.18512
791.328796
791.472412
791.616028
791.759644
791.903259
792.046936
792.190552
792.334167
792.477783
792.62146
792.765076
792.908691
793.052307
793.195984
793.3396
793.483215
793.626831
793.770447
793.914124
794.057739
794.201355
794.344971
794.488647
794.632263
794.775879
794.919495
795.063171
795.206787
795.350403
795.494019
795.637634
795.781311
795.924927
796.068542
796.212158
796.355835
796.499451
796.643066
796.786682
796.930359
797.073975
797.21759
797.361206
797.504822
797.648499
797.792114
797.93573
798.079346
798.223022
798.366638
798.510254
798.65387
798.797546
798.941162
799.084778
799.228394
799.372009
799.515686
799.659302
799.802917
799.946533
800.09021
800.233826
800.377441
800.521057
800.664734
800.80835
800.951965
801.095581
801.239197
801.382874
801.526489
801.670105
801.813721
801.957397
802.101013
802.244629
802.388245
802.531921
802.675537
802.819153
802.962769
803.106384
803.250061
803.393677
803.537292
803.680908
803.824585
803.968201
804.111816
804.255432
804.399109
804.542725
804.68634
804.829956
804.973572
805.117249
805.260864
805.40448
805.548096
805.691772
805.835388
805.979004
806.12262
806.266296
806.409912
806.553528
806.697144
806.840759
806.984436
807.128052
807.271667
807.415283
807.55896
807.702576
807.846191
807.989807
808.133484
808.2771
808.420715
808.564331
808.707947
808.851624
808.995239
809.138855
809.282471
809.426147
809.569763
809.713379
809.856995
810.000671
810.144287
810.287903
810.431519
810.575134
810.718811
810.862427
811.006042
811.149658
811.293335
811.436951
811.580566
811.724182
811.867859
812.011475
812.15509
812.298706
812.442322
812.585999
812.729614
812.87323
813.016846
813.160522
813.304138
813.447754
813.59137
813.735046
813.878662
814.022278
814.165894
814.309509
814.453186
814.596802
814.740417
814.884033
815.02771
815.171326
815.314941
815.458557
815.602234
815.74585
815.889465
816.033081
816.176697
816.320374
816.463989
816.607605
816.751221
816.894897
817.038513
817.182129
817.325745
817.469421
817.613037
817.756653
817.900269
818.043884
818.187561
818.331177
818.474792
818.618408
818.762085
818.905701
819.049316
819.192932
819.336609
819.480225
819.62384
819.767456
819.911072
820.054749
820.198364
820.34198
820.485596
820.629272
820.772888
820.916504
821.06012
821.203796
821.347412
821.491028
